ISS (ZARYA)             
1 25544U 98067A   21194.36935123  .00001068  00000-0  27703-4 0  9997
2 25544  51.6420 213.2504 0002073 155.1209 334.1836 15.48792834292655
KESTREL EYE IIM (KE2M)  
1 42982U 98067NE  21194.02126560  .00223080  33637-4  31545-3 0  9996
2 42982  51.6204  55.4703 0004581 250.7281 109.3235 16.05190209212856
AEROCUBE 12A            
1 43556U 18046C   21193.84459023  .00001489  00000-0  59393-4 0  9998
2 43556  51.6413  27.0893 0007003 253.2282 106.7931 15.31928066167178
AEROCUBE 12B            
1 43557U 18046D   21193.75386484  .00002168  00000-0  82585-4 0  9993
2 43557  51.6428  29.4470 0007222 251.4451 108.5745 15.31303673167087
LEMUR-2-VU              
1 43558U 18046E   21193.77047124  .00003365  00000-0  11135-3 0  9993
2 43558  51.6416  19.3028 0006110 258.7462 101.2834 15.34183704167262
LEMUR-2-ALEXANDER       
1 43559U 18046F   21193.88225006  .00002764  00000-0  92789-4 0  9990
2 43559  51.6409  17.8214 0006043 259.0150 101.0153 15.34436072167078
LEMUR-2-YUASA           
1 43560U 18046G   21193.73969909  .00003490  00000-0  11525-3 0  9998
2 43560  51.6409  19.8437 0006226 272.3239  87.7030 15.34131790167251
LEMUR-2-TOMHENDERSON    
1 43561U 18046H   21194.15179825  .00002375  00000-0  82847-4 0  9993
2 43561  51.6415  18.8262 0006357 270.3686  89.6567 15.33813280166865
1998-067PN              
1 43638U 98067PN  21193.85766555  .00069760  00000-0  25451-3 0  9995
2 43638  51.6285 111.9934 0003120  97.2865 262.8495 15.87767104158101
ISS DEB (SEDA-AP)       
1 43870U 98067PU  21193.42440065  .00005502  00000-0  65699-4 0  9994
2 43870  51.6345 165.0402 0004327  66.4941 293.6508 15.62802978145531
UNITE                   
1 44031U 98067PX  21194.06591817  .00043866  00000-0  22052-3 0  9997
2 44031  51.6379 132.4585 0003376  83.4803 276.6583 15.81233930139722
ISS DEB                 
1 44303U 98067QA  21193.58221720  .00005710  00000-0  75847-4 0  9995
2 44303  51.6370 186.5603 0004969 351.2857   8.8049 15.59872416120534
ISS DEB                 
1 44306U 98067QD  21193.59356835  .00007074  00000-0  89939-4 0  9997
2 44306  51.6357 185.7756 0006088 348.1828  11.9022 15.60605316120552
RAAVANA-1               
1 44329U 98067QE  21193.16077004  .00050735  00000-0  26203-3 0  9999
2 44329  51.6337 157.2498 0005297  43.6696 316.4725 15.80571038118064
UGUISU                  
1 44330U 98067QF  21194.11760088  .00061651  00000-0  32653-3 0  9993
2 44330  51.6291 153.0302 0005295  44.5071 315.6355 15.79938765118183
NEPALISAT-1             
1 44331U 98067QG  21193.28480782  .00049716  00000-0  25820-3 0  9997
2 44331  51.6312 156.4745 0005234  44.0615 316.0803 15.80458451118070
SPOOQY-1                
1 44332U 98067QH  21193.51112744  .00045299  00000-0  24939-3 0  9996
2 44332  51.6323 156.5365 0005088  48.7227 311.4212 15.79216384118055
RED-EYE 1 (PINOT)       
1 44364U 98067QJ  21194.18673578  .00004467  00000-0  60855-4 0  9992
2 44364  51.6376 184.5880 0006309 348.6276  11.4574 15.59814025116201
KRAKSAT                 
1 44427U 98067QM  21194.20110948  .00019170  00000-0  16988-3 0  9996
2 44427  51.6383 169.4185 0003541   8.8722 109.0834 15.68617845115512
VCC A                   
1 44428U 98067QN  21193.83757961  .00044376  00000-0  26275-3 0  9993
2 44428  51.6341 158.8715 0004015  36.3172 323.8101 15.77607260115625
ENTRYSAT                
1 44429U 98067QP  21193.87141017  .00177189  23217-4  47333-3 0  9993
2 44429  51.6233 145.2676 0003603  71.1555 288.9843 15.94144935115804
VCC B                   
1 44431U 98067QR  21193.27155405  .00044339  00000-0  25354-3 0  9996
2 44431  51.6300 160.9783 0003630  32.4155 327.7068 15.78390230115489
RWASAT-1                
1 44790U 98067QV  21194.21662785  .00009551  00000-0  11951-3 0  9998
2 44790  51.6368 189.8389 0007896  34.1756  32.4924 15.60528689 93474
AQT-D                   
1 44791U 98067QW  21194.23324661  .00009501  00000-0  11806-3 0  9993
2 44791  51.6373 190.1898 0006457   9.4404 350.6709 15.60728315 93472
NARSSCUBE-1             
1 44792U 98067QX  21194.15466432  .00023767  00000-0  21374-3 0  9999
2 44792  51.6342 180.5395 0005385  31.7498 328.3822 15.68092317 93599
STPSAT-4                
1 45043U 98067QY  21193.46032597  .00004240  00000-0  70070-4 0  9996
2 45043  51.6387 208.9486 0005496  14.8194 345.2957 15.54608520 82399
HARP                    
1 45256U 98067QZ  21194.26813007  .00006437  00000-0  85311-4 0  9998
2 45256  51.6401 196.4205 0006655  14.8677 345.2510 15.59673541 79308
1998-067RA              
1 45257U 98067RA  21194.27029925  .00008916  00000-0  12127-3 0  9996
2 45257  51.6363 197.8656 0007335  15.2128 344.9084 15.58401135 79289
PHOENIX                 
1 45258U 98067RB  21194.23383431  .00007127  00000-0  10292-3 0  9992
2 45258  51.6377 199.8610 0005847 358.2025   1.8945 15.57149689 79220
1998-067RC              
1 45259U 98067RC  21193.86297792  .00016879  00000-0  18872-3 0  9991
2 45259  51.6364 194.3905 0006739  15.2271 344.8925 15.62848728 79299
CRYOCUBE                
1 45260U 98067RD  21193.32260964  .00026090  00000-0  25491-3 0  9996
2 45260  51.6350 195.2698 0007485  15.2628 344.8592 15.65957461 79243
AZTECHSAT-1             
1 45261U 98067RE  21194.25534955  .00027265  00000-0  25499-3 0  9997
2 45261  51.6343 187.2203 0007037  20.3482 339.7793 15.67025741 79411
RADSAT-U                
1 45262U 98067RF  21194.21662511  .00009177  00000-0  12271-3 0  9990
2 45262  51.6398 197.5732 0006360  43.6863 316.4632 15.58821249 79299
QARMAN                  
1 45263U 98067RG  21193.60001103  .00015188  00000-0  17118-3 0  9991
2 45263  51.6362 196.3792 0006752  10.8642 349.2497 15.62735867 79276
SORTIE                  
1 45264U 98067RH  21194.23160257  .00005692  00000-0  89261-4 0  9996
2 45264  51.6398 202.8933 0007337  17.2068 342.9170 15.55320973 79211
ICS-EF (ISS DEB)        
1 45265U 98067RJ  21193.51240913  .00002714  00000-0  50730-4 0  9996
2 45265  51.6396 211.5352 0005459  14.3121 345.8023 15.52667233 78716
G-SAT                   
1 45597U 98067RK  21194.06340713  .00010424  00000-0  13937-3 0  9998
2 45597  51.6380 200.2548 0004662  61.2236 298.9225 15.58657794 68608
QUETZAL-1               
1 45598U 98067RL  21194.06045091  .00014412  00000-0  17627-3 0  9991
2 45598  51.6376 198.7308 0002664  64.5202 295.6066 15.60667265 68556
RED-EYE 2 (MERLOT)      
1 45800U 98067RM  21194.21467040  .00002730  00000-0  49121-4 0  9991
2 45800  51.6404 207.2600 0001780  36.9021 323.2091 15.53729789 60690
RED-EYE 3 (CABERNET)    
1 45809U 98067RN  21194.21497997  .00002769  00000-0  49725-4 0  9996
2 45809  51.6405 207.2625 0001891  27.2162 332.8927 15.53731483 59673
DEMI                    
1 45916U 98067RP  21193.57552297  .00008997  00000-0  11763-3 0  9997
2 45916  51.6385 203.7592 0002585 340.4962  19.5932 15.59463381 56657
SPOC                    
1 46921U 98067RR  21194.23520263  .00006394  00000-0  10101-3 0  9990
2 46921  51.6400 207.4183 0001433 146.8954 213.2127 15.54874383 38864
BOBCAT-1                
1 46922U 98067RS  21193.32107322  .00009213  00000-0  13286-3 0  9997
2 46922  51.6405 210.3350 0000827 130.7527 229.3537 15.56774278 38714
NEUTRON-1               
1 46923U 98067RT  21194.25286613  .00006435  00000-0  10208-3 0  9996
2 46923  51.6402 207.5334 0001117 166.7099 193.3922 15.54744602 38891
1998-067RU              
1 46924U 98067RU  21194.25108422  .00020868  00000-0  24712-3 0  9999
2 46924  51.6376 202.2580 0001013 342.1903  17.9055 15.61207777 38923
LEMUR-2-BAXTER-OLIVER   
1 46925U 98067RV  21193.54278479  .00013179  00000-0  15267-3 0  9993
2 46925  51.6400 205.0700 0001358 334.5561  25.5366 15.62180122 38806
LEMUR-2-DJARA           
1 46926U 98067RW  21193.48214329  .00018086  00000-0  21655-3 0  9991
2 46926  51.6405 206.1656 0000526 349.8980  10.2003 15.61027076 38798
DESCENT                 
1 46927U 98067RX  21194.06533482  .00006894  00000-0  10889-3 0  9992
2 46927  51.6399 208.5277 0001087 206.0931 154.0006 15.54731238 38771
PROGRESS-MS 16          
1 47618U 21011A   21193.53608226  .00001463  00000-0  34931-4 0  9997
2 47618  51.6431 217.3707 0002068 153.3799   6.8477 15.48792162292525
ISS DEB                 
1 47853U 98067RZ  21194.05247042  .00001006  00000-0  25906-4 0  9991
2 47853  51.6435 214.4219 0002581 174.6518 185.4498 15.49615004 19233
RSP-01                  
1 47925U 98067SB  21193.48299282  .00006210  00000-0  10855-3 0  9998
2 47925  51.6407 215.8762 0002128 104.3783 255.7443 15.52079918 18660
TAUSAT-1                
1 47926U 98067SC  21193.44549434  .00007391  00000-0  12456-3 0  9992
2 47926  51.6399 215.6249 0002978 110.1139 250.0172 15.52791030 18654
TSURU                   
1 47927U 98067SD  21193.36163032  .00005458  00000-0  97041-4 0  9996
2 47927  51.6409 216.5655 0002226 104.4132 255.7105 15.51868924 18646
STARS-EC                
1 47928U 98067SE  21193.35618246  .00007787  00000-0  13319-3 0  9990
2 47928  51.6402 216.5226 0004266 202.7210 157.3592 15.52282728 18627
MMSATS-1                
1 47976U 98067SJ  21193.90882667  .00002276  00000-0  47761-4 0  9991
2 47976  51.6481 214.9441 0002414 168.5702 191.5343 15.50041646 17494
SOYUZ-MS 18             
1 48159U 21029A   21193.53608226  .00001463  00000-0  34931-4 0  9997
2 48159  51.6431 217.3707 0002068 153.3799   6.8477 15.48792162292526
CREW DRAGON 2           
1 48209U 21030A   21193.53608226  .00001463  00000-0  34931-4 0  9995
2 48209  51.6431 217.3707 0002068 153.3799   6.8477 15.48792162292522
TIANHE                  
1 48274U 21035A   21194.20782815  .00002782  00000-0  34188-4 0  9993
2 48274  41.4692 124.3603 0006422 139.2945   8.6351 15.62483223 11763
TIANZHOU-2              
1 48803U 21046A   21193.25104385  .00005046  00000-0  58858-4 0  9993
2 48803  41.4697 130.1941 0006164 124.0305  35.0523 15.62488057 11610
DRAGON CRS-22           
1 48831U 21048A   21191.15380063  .00118362  11536-4  10000-3 0  9994
2 48831  51.6394 228.5564 0086979  82.8341  29.9538 16.05293233  5792
RAMSAT                  
1 48850U 98067SL  21194.26392023  .00004229  00000-0  82124-4 0  9997
2 48850  51.6407 213.5726 0003508 237.9708 122.0940 15.49969243  4518
SOAR                    
1 48851U 98067SM  21193.54902201  .00011374  00000-0  20276-3 0  9991
2 48851  51.6393 217.0476 0002732 239.2724 120.7996 15.50587091  4442
SHENZHOU-12             
1 48852U 21053A   21193.25104385  .00005046  00000-0  58858-4 0  9995
2 48852  41.4697 130.1941 0006164 124.0305  35.0523 15.62488057 11614
CZ-2F R/B               
1 48853U 21053B   21184.36697260  .07427027  81122-5  22688-3 0  9991
2 48853  41.4449 176.4382 0023935 257.8677 102.0097 16.42404313  2639
BD-28                   
1 48867U 98067SN  21193.49221980  .00004598  00000-0  88228-4 0  9992
2 48867  51.6410 217.4191 0002463 280.2304  79.8407 15.50087540  3149
MIR-SAT 1               
1 48868U 98067SP  21193.55940944  .00007832  00000-0  14518-3 0  9992
2 48868  51.6405 217.1177 0001814 246.2228 113.8571 15.49976868  3184
PROGRESS-MS 17          
1 48869U 21057A   21193.53608226  .00001463  00000-0  34931-4 0  9996
2 48869  51.6431 217.3707 0002068 153.3799   6.8477 15.48792162292524
